2 0.251563 0.672656 0.05625 0.348437
0 0.252344 0.640625 0.0359375 0.078125
2 0.714844 0.689844 0.0640625 0.489062
0 0.217969 0.646094 0.0359375 0.0796875
0 0.216406 0.852344 0.0296875 0.0734375
0 0.180469 0.847656 0.0296875 0.0703125
0 0.249219 0.853906 0.0328125 0.0765625
0 0.746094 0.861719 0.0546875 0.104687
0 0.624219 0.596094 0.0484375 0.0984375
0 0.217969 0.748438 0.0328125 0.075
0 0.685156 0.861719 0.0515625 0.101562
0 0.628125 0.861719 0.05 0.0984375
0 0.185937 0.647656 0.03125 0.0734375
0 0.744531 0.722656 0.0484375 0.104687
0 0.182812 0.746094 0.03125 0.0703125
0 0.627344 0.728906 0.0515625 0.0984375
0 0.814844 0.860156 0.0640625 0.107813
0 0.253125 0.745313 0.034375 0.075
0 0.303906 0.853125 0.0609375 0.08125
0 0.810938 0.71875 0.0625 0.1
0 0.741406 0.584375 0.0609375 0.090625
0 0.303906 0.745313 0.0578125 0.08125
0 0.807813 0.577344 0.065625 0.0984375
0 0.680469 0.592188 0.0546875 0.096875
0 0.683594 0.725 0.0484375 0.1
0 0.307813 0.635938 0.06875 0.084375
